Train generation ::1
[array([[-0.16595599,  0.44064899, -0.99977125, -0.39533485, -0.70648822,
        -0.81532281, -0.62747958],
       [-0.30887855, -0.20646505,  0.07763347, -0.16161097,  0.370439  ,
        -0.5910955 ,  0.75623487],
       [-0.94522481,  0.34093502, -0.1653904 ,  0.11737966, -0.71922612,
        -0.60379702,  0.60148914],
       [ 0.93652315, -0.37315164,  0.38464523,  0.7527783 ,  0.78921333,
        -0.82991158, -0.92189043],
       [-0.66033916,  0.75628501, -0.80330633, -0.15778475,  0.91577906,
         0.06633057,  0.38375423],
       [-0.36896874,  0.37300186,  0.66925134, -0.96342345,  0.50028863,
         0.97772218,  0.49633131],
       [-0.43911202,  0.57855866, -0.79354799, -0.10421295,  0.81719101,
        -0.4127717 , -0.42444932],
       [-0.73994286, -0.96126608,  0.35767107, -0.57674377, -0.46890668,
        -0.01685368, -0.89327491],
       [ 0.14823521, -0.70654285,  0.17861107,  0.39951672, -0.79533114,
        -0.17188802,  0.38880032]]), array([[-0.17164146, -0.90009308,  0.07179281,  0.32758929],
       [ 0.02977822,  0.88918951,  0.17311008,  0.80680383],
       [-0.72505059, -0.72144731,  0.61478258, -0.20464633],
       [-0.66929161,  0.85501716, -0.30446828,  0.50162421],
       [ 0.45199597,  0.76661218,  0.24734441,  0.50188487],
       [-0.30220332, -0.46014422,  0.79177244, -0.14381762],
       [ 0.92968009,  0.326883  ,  0.24339144, -0.77050805]])] with score::0[array([[-0.16595599,  0.44064899, -0.99977125, -0.39533485, -0.70648822,
        -0.81532281, -0.62747958],
       [-0.30887855, -0.20646505,  0.07763347, -0.16161097,  0.370439  ,
        -0.5910955 ,  0.75623487],
       [-0.94522481,  0.34093502, -0.1653904 ,  0.11737966, -0.71922612,
        -0.60379702,  0.60148914],
       [ 0.93652315, -0.37315164,  0.38464523,  0.7527783 ,  0.78921333,
        -0.82991158, -0.92189043],
       [-0.66033916,  0.75628501, -0.80330633, -0.15778475,  0.91577906,
         0.06633057,  0.38375423],
       [-0.36896874,  0.37300186,  0.66925134, -0.96342345,  0.50028863,
         0.97772218,  0.49633131],
       [-0.43911202,  0.57855866, -0.79354799, -0.10421295,  0.81719101,
        -0.4127717 , -0.42444932],
       [-0.73994286, -0.96126608,  0.35767107, -0.57674377, -0.46890668,
        -0.01685368, -0.89327491],
       [ 0.14823521, -0.70654285,  0.17861107,  0.39951672, -0.79533114,
        -0.17188802,  0.38880032]]), array([[-0.17164146, -0.90009308,  0.07179281,  0.32758929],
       [ 0.02977822,  0.88918951,  0.17311008,  0.80680383],
       [-0.72505059, -0.72144731,  0.61478258, -0.20464633],
       [-0.66929161,  0.85501716, -0.30446828,  0.50162421],
       [ 0.45199597,  0.76661218,  0.24734441,  0.50188487],
       [-0.30220332, -0.46014422,  0.79177244, -0.14381762],
       [ 0.92968009,  0.326883  ,  0.24339144, -0.77050805]])] with score::0[array([[ 1.        , -5.        , -0.99977125, -5.        ,  1.        ,
        -3.        , -5.        ],
       [-0.30887855, -5.        ,  0.07763347,  4.        ,  4.        ,
        -0.5910955 ,  0.75623487],
       [-0.94522481,  1.        ,  4.        , -2.        , -2.        ,
         3.        , -2.        ],
       [ 0.93652315, -0.37315164,  3.        ,  0.        ,  3.        ,
        -4.        , -2.        ],
       [ 1.        ,  0.75628501, -4.        , -0.15778475,  0.        ,
         0.06633057, -4.        ],
       [ 4.        ,  0.37300186, -3.        , -1.        ,  0.50028863,
         1.        ,  0.49633131],
       [-0.43911202,  0.57855866, -0.79354799,  1.        ,  1.        ,
         1.        , -4.        ],
       [-0.73994286, -2.        ,  1.        , -5.        ,  4.        ,
        -3.        , -2.        ],
       [ 4.        ,  3.        ,  0.17861107, -5.        ,  3.        ,
        -4.        ,  0.38880032]]), array([[-5.        ,  1.        , -5.        ,  1.        ],
       [-1.        ,  0.88918951, -4.        ,  1.        ],
       [-0.72505059, -1.        ,  4.        , -2.        ],
       [ 2.        ,  0.85501716, -0.30446828,  4.        ],
       [ 0.45199597,  0.        ,  4.        ,  1.        ],
       [-2.        , -1.        ,  0.79177244,  3.        ],
       [-5.        ,  0.326883  , -5.        , -4.        ]])] with score::0[array([[-0.16595599,  0.44064899, -0.99977125,  2.        , -4.        ,
        -4.        , -3.        ],
       [ 3.        ,  2.        ,  4.        , -1.        , -2.        ,
        -4.        , -5.        ],
       [-0.94522481, -4.        , -0.1653904 ,  0.11737966, -0.71922612,
        -0.60379702, -1.        ],
       [ 0.93652315,  3.        , -4.        ,  0.7527783 ,  0.78921333,
        -5.        , -0.92189043],
       [-0.66033916,  4.        , -0.80330633, -5.        ,  0.91577906,
         0.        ,  2.        ],
       [ 4.        ,  0.37300186, -5.        , -2.        ,  0.50028863,
         0.97772218,  0.49633131],
       [-4.        ,  0.57855866, -0.79354799, -2.        , -1.        ,
        -5.        , -1.        ],
       [-0.73994286, -0.96126608,  0.35767107,  2.        , -4.        ,
        -5.        ,  2.        ],
       [ 1.        , -0.70654285, -5.        ,  0.39951672, -0.79533114,
        -1.        , -4.        ]]), array([[-0.17164146, -0.90009308,  0.07179281,  0.32758929],
       [ 0.02977822, -4.        , -2.        ,  0.80680383],
       [-0.72505059,  2.        , -5.        ,  1.        ],
       [ 2.        ,  0.85501716,  2.        ,  2.        ],
       [ 3.        ,  3.        ,  3.        ,  0.50188487],
       [-0.30220332, -4.        ,  0.79177244, -0.14381762],
       [-5.        ,  0.326883  ,  4.        , -3.        ]])] with score::0[array([[-0.16595599,  0.44064899, -2.        , -0.39533485,  2.        ,
         0.        ,  0.        ],
       [-2.        ,  4.        ,  3.        , -0.16161097,  0.370439  ,
        -0.5910955 ,  0.75623487],
       [ 0.        , -2.        , -5.        ,  0.11737966, -5.        ,
        -0.60379702,  0.        ],
       [ 0.93652315, -0.37315164,  1.        , -5.        , -3.        ,
        -0.82991158,  4.        ],
       [-0.66033916,  0.75628501, -2.        , -0.15778475,  0.91577906,
         4.        ,  0.38375423],
       [ 1.        ,  0.37300186,  0.        , -4.        , -2.        ,
         0.97772218,  0.49633131],
       [-0.43911202,  0.57855866,  3.        , -0.10421295,  2.        ,
         2.        , -0.42444932],
       [ 2.        , -0.96126608,  4.        ,  1.        , -0.46890668,
        -0.01685368, -0.89327491],
       [ 0.        , -5.        , -3.        , -1.        , -0.79533114,
         1.        ,  0.        ]]), array([[-0.17164146,  0.        , -3.        ,  0.32758929],
       [ 0.02977822,  0.88918951,  0.17311008,  0.80680383],
       [-5.        , -5.        , -2.        ,  1.        ],
       [ 0.        ,  4.        , -4.        ,  0.        ],
       [ 1.        , -5.        ,  1.        ,  4.        ],
       [-5.        , -0.46014422,  0.79177244, -5.        ],
       [ 0.92968009, -3.        , -1.        , -0.77050805]])] with score::0[array([[-0.16595599, -5.        ,  4.        , -0.39533485,  1.        ,
        -5.        , -4.        ],
       [-0.30887855, -0.20646505, -2.        , -0.16161097,  2.        ,
        -2.        , -5.        ],
       [ 3.        ,  0.        ,  1.        , -1.        , -0.71922612,
         4.        ,  0.        ],
       [ 0.93652315,  3.        ,  0.38464523,  0.7527783 , -2.        ,
        -4.        , -0.92189043],
       [-1.        , -4.        ,  4.        , -3.        , -1.        ,
         0.06633057,  0.        ],
       [ 0.        , -2.        ,  3.        , -5.        , -3.        ,
         0.97772218,  0.49633131],
       [-4.        , -4.        , -1.        ,  1.        ,  3.        ,
        -0.4127717 , -0.42444932],
       [-0.73994286,  2.        ,  4.        , -1.        , -0.46890668,
        -3.        , -0.89327491],
       [ 0.14823521, -0.70654285,  0.17861107, -1.        ,  0.        ,
        -0.17188802,  0.38880032]]), array([[ 1.        , -0.90009308,  0.07179281,  4.        ],
       [ 3.        ,  0.88918951,  0.17311008, -1.        ],
       [ 2.        , -0.72144731,  3.        , -2.        ],
       [-1.        ,  0.85501716, -0.30446828,  3.        ],
       [ 0.45199597,  0.76661218,  0.24734441,  2.        ],
       [-0.30220332, -0.46014422,  0.79177244, -3.        ],
       [ 1.        ,  1.        ,  0.24339144,  4.        ]])] with score::0[array([[-1.        ,  0.44064899, -4.        ,  0.        , -0.70648822,
        -0.81532281, -0.62747958],
       [-0.30887855,  1.        ,  0.07763347,  2.        ,  0.370439  ,
         4.        ,  0.75623487],
       [ 3.        ,  2.        , -0.1653904 ,  0.11737966, -1.        ,
        -3.        ,  4.        ],
       [ 0.93652315, -0.37315164, -1.        ,  0.        , -1.        ,
         2.        , -0.92189043],
       [-0.66033916,  0.75628501, -4.        ,  1.        ,  0.        ,
         0.06633057,  0.38375423],
       [-0.36896874,  0.37300186,  3.        ,  4.        ,  0.50028863,
         2.        ,  0.49633131],
       [-0.43911202,  0.57855866, -4.        , -0.10421295, -4.        ,
        -0.4127717 , -0.42444932],
       [-0.73994286, -2.        ,  0.35767107,  4.        ,  4.        ,
        -3.        , -1.        ],
       [-1.        , -2.        ,  1.        ,  0.        , -0.79533114,
        -4.        ,  0.38880032]]), array([[ 1.        ,  2.        ,  0.07179281, -5.        ],
       [-5.        ,  0.        , -3.        ,  1.        ],
       [-0.72505059, -0.72144731, -2.        , -1.        ],
       [ 1.        ,  0.85501716, -5.        ,  2.        ],
       [-3.        ,  1.        ,  0.24734441,  0.50188487],
       [-0.30220332, -0.46014422,  4.        ,  4.        ],
       [-5.        ,  1.        ,  0.        ,  4.        ]])] with score::0[array([[-0.16595599,  0.        , -0.99977125, -5.        , -0.70648822,
         0.        , -0.62747958],
       [-3.        ,  0.        , -4.        , -0.16161097,  1.        ,
        -0.5910955 ,  0.75623487],
       [ 3.        ,  0.34093502, -5.        ,  0.11737966, -2.        ,
        -0.60379702, -3.        ],
       [ 0.93652315, -0.37315164,  1.        ,  2.        ,  0.        ,
         0.        ,  4.        ],
       [ 3.        , -1.        , -0.80330633, -5.        ,  3.        ,
        -4.        ,  0.        ],
       [-0.36896874,  4.        ,  0.66925134, -1.        ,  0.50028863,
        -3.        ,  2.        ],
       [ 3.        ,  1.        , -0.79354799, -0.10421295,  0.81719101,
        -3.        , -5.        ],
       [-0.73994286, -0.96126608,  3.        ,  3.        , -0.46890668,
         4.        , -0.89327491],
       [ 0.14823521, -2.        ,  0.        ,  2.        ,  4.        ,
         1.        , -5.        ]]), array([[-2.        ,  2.        ,  3.        ,  0.        ],
       [-5.        ,  0.88918951,  0.        , -2.        ],
       [-4.        , -0.72144731,  4.        , -3.        ],
       [-4.        ,  4.        , -3.        ,  0.50162421],
       [ 0.45199597,  0.76661218,  2.        ,  0.50188487],
       [ 0.        , -1.        ,  1.        , -0.14381762],
       [-1.        ,  2.        ,  1.        , -1.        ]])] with score::0[array([[ 4.        ,  1.        , -0.99977125, -0.39533485, -0.70648822,
        -4.        ,  1.        ],
       [-4.        , -0.20646505, -1.        ,  4.        ,  1.        ,
         0.        , -5.        ],
       [-0.94522481,  3.        ,  3.        ,  0.11737966, -0.71922612,
        -0.60379702, -2.        ],
       [-3.        , -0.37315164,  3.        , -2.        ,  0.78921333,
        -4.        , -5.        ],
       [-4.        ,  4.        , -3.        , -0.15778475,  0.91577906,
         3.        ,  0.38375423],
       [-2.        ,  0.37300186,  0.66925134, -0.96342345,  2.        ,
        -5.        , -2.        ],
       [-0.43911202, -1.        ,  2.        , -0.10421295, -4.        ,
        -4.        , -0.42444932],
       [ 0.        , -2.        , -5.        ,  2.        , -0.46890668,
        -0.01685368, -0.89327491],
       [ 1.        , -0.70654285,  3.        ,  0.39951672, -0.79533114,
         1.        , -4.        ]]), array([[-0.17164146, -4.        , -4.        ,  1.        ],
       [-5.        ,  0.88918951,  0.17311008,  1.        ],
       [ 3.        ,  1.        ,  0.61478258,  0.        ],
       [ 0.        ,  1.        ,  1.        , -5.        ],
       [ 0.45199597, -5.        ,  2.        ,  0.50188487],
       [-0.30220332, -0.46014422,  4.        ,  0.        ],
       [-1.        ,  0.326883  ,  0.24339144,  4.        ]])] with score::0[array([[ 1.        , -2.        , -0.99977125, -0.39533485, -1.        ,
        -0.81532281,  1.        ],
       [ 2.        , -0.20646505, -3.        ,  1.        ,  0.370439  ,
        -1.        ,  1.        ],
       [ 1.        ,  0.34093502,  3.        ,  0.11737966,  2.        ,
        -0.60379702, -5.        ],
       [ 0.        , -1.        , -4.        ,  0.7527783 ,  0.78921333,
         4.        , -5.        ],
       [ 0.        ,  1.        ,  2.        , -2.        ,  0.91577906,
        -1.        ,  0.38375423],
       [ 0.        ,  0.37300186,  0.66925134,  1.        , -1.        ,
         0.        ,  0.        ],
       [ 0.        ,  0.57855866,  2.        , -0.10421295,  0.81719101,
         3.        , -0.42444932],
       [-0.73994286,  1.        ,  0.35767107, -0.57674377,  1.        ,
         0.        , -0.89327491],
       [-2.        ,  1.        ,  0.17861107,  0.39951672, -5.        ,
        -0.17188802,  0.38880032]]), array([[-4.        ,  4.        ,  2.        ,  0.32758929],
       [ 0.02977822,  0.        , -4.        ,  0.80680383],
       [-0.72505059, -0.72144731,  0.        , -0.20464633],
       [-0.66929161,  0.85501716, -0.30446828, -3.        ],
       [ 0.45199597,  0.76661218,  4.        ,  4.        ],
       [-0.30220332, -0.46014422, -3.        , -0.14381762],
       [ 1.        ,  4.        ,  0.24339144,  2.        ]])] with score::0

